1 41.208267 7.577547  0.751848  263.846222  19.186266  0.620558
0 57.147568 12.422515  1.888559  0.058954  0.141215  0.087285
1 35.152924 9.304366  0.768898  0.059239  0.071470  0.263271
0 47.312492 13.846301  1.089509  0.002152  0.534388  0.453141
0 23.422661 8.417571  0.458918  0.228374  0.190229  0.151420
0 21.467804 12.111753  0.425794  23.284500  0.048011  0.176956
1 10.031821 8.627789  0.232203  0.069787  0.033029  0.079139
0 15.712806 14.948689  0.441948  0.024872  0.634824  0.129012
0 9.419945 12.367437  0.227987  3.476512  0.575404  0.097982
0 7.995054 15.923423  0.250636  0.130077  0.556503  0.118434
0 2.401957 11.684808  0.179043  2.034781  0.002827  0.074739
1 3.571823 8.506517  0.128654  0.004399  0.001992  0.057635
0 3.845286 -9.270594  0.144308  6.012047  0.018114  0.066446
0 8.632082 -13.184525  0.694063  0.000041  0.004374  0.002487
1 4.456869 -4.513675  0.067084  0.001182  0.001245  0.048470
0 14.595069 -11.001384  0.289230  0.091035  3.795499  0.118460
1 7.021373 -3.522661  0.119411  0.008916  0.015422  0.055545
0 17.551111 -6.044641  0.284133  8.645293  0.054628  0.118319
1 15.211267 -3.449901  0.260685  0.015546  0.011035  0.107295
0 30.896547 -5.738710  0.493263  4.998867  0.005554  0.236023
0 37.125156 -5.654252  0.852540  0.051722  0.006184  0.209196
0 40.702190 -5.599244  1.142515  0.035961  0.008634  0.111900
1 28.500277 -2.974906  0.538773  0.055077  0.033921  0.201649
1 55.642929 9.405513  1.152021  0.033878  0.115670  0.684130
1 24.972305 10.155617  0.462384  0.003673  0.002499  0.160321
0 44.330433 -5.539074  1.165097  0.025749  0.006439  0.125947
1 44.221935 -2.729745  1.055164  0.202604  0.059210  0.205514
0 51.002979 12.856332  0.982865  0.003083  0.012799  0.050408
0 39.977764 12.845938  0.357597  0.009133  0.071292  0.111274
0 54.901688 12.905774  0.508347  0.029894  0.011543  0.158707
0 42.411491 12.676747  0.314067  0.160662  0.026254  0.113871
0 44.980133 -5.408094  0.458515  0.037831  0.003420  0.072762
0 65.856125 9.721102  0.315481  0.025088  0.029876  0.065829
0 36.305794 12.394151  0.141510  0.097612  0.018851  0.042047
0 37.968323 -5.582050  0.353716  0.042318  0.000467  0.098471
0 38.615227 -5.591056  0.356313  0.043610  0.000493  0.101883
0 31.747629 -2.382443  0.176761  0.005686  0.208237  0.038444
0 29.639700 1.446345  -0.129896  0.031744  0.009645  0.008296
0 30.312263 7.161615  -0.233214  0.000299  0.058608  0.000001
0 0.470603 -3.383043  -0.292062  0.056136  0.003718  0.000014
