1 48.538208 9.440077 1.102703 0.021723 0.059699 0.456924
0 57.936264 12.603884 1.997085 0.051343 0.149340 0.046218
0 48.105747 13.858523 1.091288 0.005394 0.479100 0.483645
0 24.271097 8.507536 0.466721 0.278121 0.182137 0.161543
0 21.337679 12.698994 0.442697 25.332808 1.285921 0.179461
1 10.804835 8.677283 0.222847 0.066383 0.035654 0.083546
0 9.867782 12.947659 0.236516 3.011342 2.015964 0.104380
1 4.355880 8.532281 0.125239 0.004472 0.002053 0.060420
0 2.805595 11.689819 0.178994 2.805997 0.004135 0.075423
0 4.156059 -9.274095 0.147082 7.258889 0.021360 0.067615
0 9.473225 -12.732356 0.697228 0.000198 0.007273 0.002529
0 15.456148 -10.519111 0.289253 0.070291 3.982023 0.122640
1 5.280310 -4.498345 0.086758 0.001282 0.001156 0.047420
1 7.850272 -3.509075 0.138845 0.008543 0.017181 0.059657
0 18.847614 -5.923453 0.301252 9.041368 0.021333 0.126187
1 16.047853 -3.399593 0.306441 0.016925 0.012106 0.099444
0 32.105827 -5.639825 0.511193 4.276931 0.006038 0.250604
0 37.940071 -5.539451 0.770979 0.104183 0.005761 0.255993
0 41.551361 -5.489284 1.033817 0.053717 0.007764 0.176042
0 45.289276 -5.379569 1.285381 0.088052 0.008033 0.131121
1 29.318676 -2.910686 0.566622 0.053478 0.032686 0.216441
1 45.000057 -2.603192 1.117590 0.179758 0.052398 0.191631
0 56.405510 9.467190 1.710583 0.031750 0.117722 0.094528
1 35.914524 9.397844 0.779115 0.066001 0.076071 0.266043
1 25.770689 10.243448 0.436095 0.003247 0.002493 0.171503
0 26.247023 -5.920846 0.963567 0.025560 0.010492 0.015052
0 52.580654 -5.790122 1.239583 0.000513 0.014122 0.088590
0 55.709141 13.084762 0.706886 0.036805 0.010583 0.174913
0 51.859310 12.990023 1.017727 0.047922 0.005688 0.069246
0 40.785576 12.924736 0.353078 0.019030 0.063708 0.120083
0 56.499035 9.731124 0.117516 0.012607 0.023607 0.108547
0 43.319786 12.801717 0.269587 0.076400 0.021689 0.112012
0 66.617340 9.950948 0.347902 0.022490 0.037640 0.069317
0 37.088718 12.468881 0.142340 0.078530 0.008689 0.029223
0 36.893791 -5.613780 0.351554 0.029126 0.004915 0.094184
0 32.527733 -2.266732 0.185364 0.008304 0.183293 0.041378
0 29.183214 1.531067 -0.124813 0.032269 0.012364 0.008035
0 10.016731 16.343231 -0.136615 0.005420 0.053330 0.016131
0 31.113785 7.219607 -0.244252 0.000492 0.104211 0.000001
0 1.200283 -3.190793 -0.291504 0.071086 0.009050 0.000014
